25,
15,
43,
46,
-219,
3,
-25,
24,
33,
33,
-173,
41,
31,
-11,
47,
7,
15,
37,
25,
-3,
103,
-207,
47,
1,
35,
35,
55,
69,
45,
37,
23,
-189,
43,
-201,
61,
-21,
-9,
165,
5,
-255,
27,
65,
-55,
25,
9,
-1,
-151,
3,
-181,
5,
43,
99,
23,
55,
21,
-9,
73,
75,
43,
43,
53,
27,
131,
13,
-9,
-11,
63,
25,
109,
27,
103,
57,
19,
-3,
23,
49,
3,
27,
11,
53,
11,
-9,
41,
13,
-19,
25,
-9,
15,
55,
-65,
53,
-13,
33,
1,
-221,
163,
33,
37,
19,
37,
43,
15,
41,
-173,
15,
85,
65,
33,
-103,
43,
-255,
23,
13,
17,
35,
-11,
-1,
29,
7,
1,
83,
145,
11,
21,
-13,
-179,
-5,
31
