-19,
-19,
-5,
-11,
-119,
-29,
-41,
-31,
-29,
-33,
-103,
-35,
-15,
-27,
-13,
-17,
-39,
-33,
-19,
-27,
-3,
-99,
-13,
-25,
-19,
-23,
-9,
-19,
-5,
-17,
-29,
-83,
-21,
-95,
-25,
-45,
-35,
7,
-25,
-127,
-21,
-23,
-53,
-9,
-37,
-29,
-83,
-29,
-99,
-39,
-21,
-1,
-27,
-19,
-37,
-43,
-13,
-11,
-11,
-9,
-21,
-27,
23,
-13,
-39,
-35,
-1,
-29,
-3,
-21,
3,
-15,
-33,
-29,
-21,
-17,
-25,
-15,
-13,
-15,
-51,
-35,
-11,
-27,
-41,
-27,
-41,
-39,
-25,
-41,
-11,
-41,
-23,
-31,
-125,
13,
-17,
-11,
-25,
-25,
-21,
-21,
-30,
-109,
-19,
-13,
-25,
-23,
-59,
-27,
-113,
-23,
-23,
-33,
-35,
-43,
-21,
-27,
-19,
-29,
-11,
3,
-29,
-25,
-37,
-95,
-17,
-27
