79,
73,
107,
85,
-3,
85,
77,
61,
61,
81,
41,
67,
79,
63,
91,
81,
71,
85,
67,
65,
99,
31,
80,
73,
77,
73,
101,
97,
103,
67,
91,
23,
85,
17,
81,
65,
59,
131,
59,
5,
65,
79,
55,
89,
53,
71,
17,
65,
3,
65,
75,
103,
71,
89,
89,
69,
95,
77,
83,
85,
83,
69,
129,
87,
69,
75,
109,
67,
113,
77,
115,
85,
83,
67,
69,
81,
77,
67,
87,
105,
91,
89,
81,
81,
61,
95,
51,
63,
77,
67,
83,
63,
77,
77,
3,
131,
73,
75,
67,
85,
87,
63,
71,
23,
83,
111,
71,
85,
35,
87,
9,
67,
71,
63,
77,
77,
65,
83,
77,
65,
105,
121,
59,
67,
59,
13,
65,
71
