123,
123,
161,
157,
-99,
103,
71,
119,
129,
139,
-47,
135,
127,
80,
139,
121,
111,
129,
119,
97,
227,
-85,
167,
101,
155,
129,
213,
179,
157,
143,
125,
-57,
131,
-73,
183,
65,
113,
261,
89,
-121,
121,
171,
49,
119,
85,
107,
-43,
99,
-67,
99,
145,
199,
111,
171,
125,
95,
173,
179,
119,
145,
149,
99,
259,
107,
101,
81,
169,
121,
201,
115,
231,
169,
141,
127,
109,
153,
109,
101,
143,
169,
137,
117,
129,
117,
93,
119,
79,
107,
157,
69,
157,
99,
119,
117,
-97,
259,
121,
133,
109,
141,
147,
115,
129,
-49,
111,
207,
169,
141,
-7,
165,
-117,
123,
119,
111,
131,
95,
101,
127,
129,
85,
185,
265,
103,
96,
113,
-61,
97,
141
