101,
105,
145,
137,
-45,
105,
91,
95,
113,
113,
-5,
113,
113,
73,
111,
109,
97,
137,
95,
83,
161,
-23,
125,
87,
123,
97,
147,
159,
137,
107,
123,
5,
115,
-21,
129,
67,
91,
199,
75,
-55,
91,
129,
65,
105,
77,
87,
-11,
85,
-29,
89,
113,
155,
98,
131,
107,
79,
147,
141,
101,
135,
133,
103,
195,
105,
99,
69,
147,
97,
175,
101,
185,
143,
107,
97,
95,
119,
97,
105,
127,
155,
109,
117,
95,
117,
73,
121,
85,
83,
113,
75,
135,
81,
97,
101,
-33,
197,
89,
111,
95,
147,
123,
91,
99,
-15,
113,
161,
151,
119,
23,
127,
-19,
101,
97,
101,
119,
101,
79,
97,
113,
77,
139,
181,
101,
87,
85,
-19,
73,
123
