-9,
-33,
25,
3,
-179,
-13,
-61,
-1,
-7,
-27,
-157,
-9,
-1,
-27,
3,
-11,
-33,
-11,
-7,
-33,
33,
-169,
3,
-19,
-5,
-9,
19,
13,
5,
9,
-17,
-149,
-5,
-161,
-1,
-41,
-35,
95,
-21,
-213,
3,
11,
-71,
-9,
-19,
-37,
-139,
-25,
-151,
-37,
-21,
25,
-9,
3,
-25,
-29,
-5,
17,
19,
11,
5,
-14,
77,
-3,
-47,
-39,
23,
-13,
55,
3,
73,
23,
-35,
-41,
-13,
1,
-41,
-1,
-1,
-11,
-35,
-29,
7,
-5,
-31,
-17,
-35,
-25,
1,
-71,
9,
-55,
7,
-39,
-187,
97,
1,
-3,
-17,
9,
-5,
-19,
-11,
-147,
-9,
25,
3,
-1,
-89,
19,
-201,
11,
-21,
-23,
-13,
-41,
-29,
-9,
-11,
-35,
15,
73,
-31,
-5,
-21,
-137,
-21,
-13,
